-18.5982181895 26.2607538144 -1.37899710008
-19.7810360877 26.0478453508 -2.9781535352
-22.8974635588 25.9877860333 -3.10990874334
-22.99340195 26.150637012 -1.58953981286
-23.0355755313 25.423952443 -1.6213116881
-23.0684151961 25.1425808432 0.184969654486
-20.1156575603 25.5240121145 0.0909093294022
-18.8447820619 25.3027958031 -0.85200456227
-18.7511467246 22.767623674 -1.54583825579
-18.5342040558 20.2493073656 -1.45975106079
-17.859821152 19.0513764424 -1.4999933643
-17.6072831792 17.0317030246 -1.49035923279
-18.6627262656 16.2542562 0.0394060225006
-17.9124270792 16.2322368023 0.0448400515947
-16.8573622373 16.5846147852 0.0335992323371
-15.5277282693 16.7698823452 0.62267735537
-16.1994817909 16.3309261956 -3.01768990295
-17.7584018565 16.6894246343 1.879789906
-18.0513484397 18.8373887595 1.64264289033
-18.0978662823 20.5991651336 1.60209628583
-17.5361504747 21.2992287639 0.0358313105823
-14.7366997745 20.9731046072 -0.0157115385301
-13.5406142906 20.9742641858 -0.274904749089
-12.4982166642 21.271182554 0.020989186338
-12.1344615894 21.4089072517 1.53163644606
-12.2393547811 22.6845689252 1.63126500465
-12.1840932814 23.2653875509 1.60134884235
-12.128383025 23.3492069858 -3.12560191519
-12.8756182183 22.6158368321 -1.45131157565
-12.6681483901 21.5976331784 -1.44231109395
-15.5849901341 21.2825757964 3.07974718664
-17.617224068 21.2915177373 -3.08239163807
-18.80651293 22.6597587086 1.67683768674
-18.9817254151 25.2014109164 1.64528136008
-17.8290190215 25.9616086134 0.0351759793973
