-17.0379694562 26.2239089864 0.111139079283
-14.9864519781 26.5177361302 0.107104031708
-12.5450458393 26.6108055661 -0.0507266095245
-9.27873837009 26.6166185158 -0.0964078688881
-6.23441060428 26.5089313535 0.0354326115166
-3.78236053803 26.481961937 -0.0916858501066
-0.907646026694 26.3822671977 -0.00686120171647
0.841614627878 25.0710802057 -1.44165318555
0.906694296801 24.627246439 -1.55489733442
1.14198706562 23.0750235017 -1.32319560943
1.36579491396 21.0122253144 -1.54124669063
1.39724506727 18.9779318967 -1.54564698752
1.44701598586 17.2697410753 -1.5737929559
1.51697344466 13.3226530566 -1.63784914657
1.29354342286 10.2227032304 -1.58331632166
1.29406806718 7.47276459747 -1.54674437921
1.46434271635 4.5867606647 -1.62170377658
1.45711623554 1.78920479478 -1.56263771616
1.4462559847 0.254300929312 -1.56335393143
