-15.7824749522 25.7532811383 -0.0302140811523
-14.2846453345 25.7202566316 -0.0400311823645
-12.8428281814 25.7499168792 0.0339569966132
-11.3715576792 25.7105460959 -0.0717466486331
-9.82903316297 25.6668559543 0.00578698067212
-8.24977296306 25.7143521062 -0.0106538021574
-6.87945113486 25.5352234765 -0.188928150816
-5.48621248877 25.5672258693 0.0581957406937
-3.79956244838 25.544226516 -0.0536467039479
-2.56588207813 25.5045276883 -0.0113018285601
-1.0902194491 25.5506709111 0.0674122014298
0.345744432972 24.9819428342 -1.02111130049
0.947882415808 23.4258456143 -1.37237366981
1.21947472304 21.8956803094 -1.44370875377
1.34358528093 20.3552668515 -1.48192943384
1.3535084859 18.3038160279 -1.60389299587
1.42306355283 16.1552199487 -1.51280875696
1.36927117712 14.4470560055 -1.66691721072
1.19987937281 12.6531001649 -1.59098743389
1.2613372054 11.0661259186 -1.51718578476
1.24844436885 9.40526265153 -1.54357585478
1.30971837077 8.20788575785 -1.45841851653
1.33370286214 6.09520294016 -1.61272627576
1.28582862028 4.64241013566 -1.5303133714
1.40473714604 3.29286654359 -1.49844433434
1.3415731532 2.0527837499 -1.68596682469
1.21901993367 0.824213798315 -1.61356147312
