0.891205156385 1.46330579562 1.59267240889
0.70494332318 10.318249784 1.60435030142
0.608512303208 25.5532961818 1.11898188333
1.59138009159 26.4092978173 0.064207340584
7.18248119126 26.4056581616 0.0622338369613
9.13114287001 26.7855085899 0.0529138795011
8.57440239094 25.6958213999 1.48971780839
8.52534214866 26.8156236647 1.69256797845
9.09574772207 25.7079395278 3.11395899084
8.04375913516 25.6674076677 3.067129941
7.126816576 25.7518786447 3.10842910095
-1.52411392689 25.6128747311 3.13616723365
-12.2492515371 26.0636710301 3.0617861182
-18.6951258775 26.2973976765 1.87047864073
-18.4928904084 34.1797476767 1.47508486533
-18.6161148875 35.3408671486 1.61659487823
-18.6722768096 35.4335757654 -3.07998421527
-20.3836679049 35.4181639976 2.81919372539
-21.5046166258 36.8476389426 2.26794586119
-21.8630368701 38.5050652812 1.41141768156
-21.6171337443 48.0020318079 1.57398989667
-21.6855292323 49.8820388506 1.66816005049
-21.1722302217 48.9480614606 2.87701233054
-21.5309600747 48.6979170005 3.11055215656
-21.0230545574 50.0861613321 -1.61308882015
-21.0117054633 47.9218434877 -1.58579293723
-21.0018851258 40.6292736972 -1.5801946756
-21.1187893028 36.3763884099 -1.47864364975
-21.073814783 36.2645244063 -0.770268290374
-20.1366138831 35.4149641496 -0.761379505908
-18.8967969595 34.4060173567 -0.696426928285
-18.7651643993 32.7318186423 -1.90844028966
-19.309508698 31.5828586033 -2.08743342826
-18.6982858964 27.9125157631 -1.70722931008
-17.0379694562 26.2239089864 0.111139079283
-0.907646026694 26.3822671977 -0.00686120171647
0.841614627878 25.0710802057 -1.44165318555
0.906694296801 24.627246439 -1.55489733442
1.14198706562 23.0750235017 -1.32319560943
1.51697344466 13.3226530566 -1.63784914657
1.4462559847 0.254300929312 -1.56335393143