0.644700387212 0.742699552897 1.63586123622
0.559300695804 3.15463463486 1.54542994024
0.521777412069 4.60925250021 1.61597733122
0.535539269169 6.43017268174 1.52378448661
0.553973311483 8.14964852043 1.58020445698
0.491017686012 9.9062865865 1.60626161617
0.521817652033 11.5531221655 1.56074315127
0.549508707594 13.4999901873 1.52416057826
0.566465585359 15.3006295479 1.59297031274
0.588007340692 17.1407603943 1.55798065014
0.561329049433 19.314727862 1.63004977262
0.452259967115 21.4063783574 1.59287842421
0.41640799549 22.8192654357 1.61806554453
0.146859004082 24.3816075323 1.482502242
0.940905100597 25.3363592964 0.585993152637
2.36494271093 25.4516744635 -0.167009206674
3.84580421051 25.4387509717 0.137200508888
5.31520640727 25.6280535675 0.110871202238
6.90832048333 25.699313491 0.107041527127
8.89691742828 25.8778228221 0.110645821761
8.97229848786 24.6035400352 -1.52351685203
9.08236491522 24.6033450065 -3.03302094488
7.73928731758 24.4770658188 -3.09152602967
6.09069259902 24.4748793062 -3.13542817699
4.38290155362 24.4901433927 3.05794994089
2.27823170685 24.5598670334 -3.10501153573
0.299163631477 24.4493151955 -3.08283642093
-1.33078233421 24.4161547763 -3.12262544451
-2.84919206327 24.348040098 -3.05973832652
-4.65640696455 24.4217292117 3.04048993724
-6.45125472304 24.5764638293 3.07099925944
-8.45232408329 24.8355686267 3.05154666689
-10.4969953228 24.7114063789 3.08969187604
-12.7542009709 25.0747591601 -2.9588735675
-14.3773911147 24.8380286151 -3.00727377254
-15.7766409943 24.7187681176 -3.07745876344
-16.0621725717 24.6409960305 -3.03277730678
