-17.0658560126 26.1387315097 0.220856245138
-14.6638580704 26.1006821181 0.0218760992821
-10.9377417921 26.0037668091 -0.029292162233
-3.62315886399 25.9319498898 -0.0165828509536
-0.842905173079 25.9870945683 0.00608743176709
0.410903169247 25.8296212812 -0.928684642676
0.68521601423 24.4787995076 -1.43628596987
0.690656194909 23.5570448035 -1.40383177226
0.950791659946 20.9290177479 -1.54430061879
0.931589683334 10.8483917909 -1.66766800839
0.927268525088 2.4318785011 -1.58761894631
1.34232698353 0.460606539301 -1.53610283831
