1.13575170534 1.15545095453 1.60929996228
1.05083043462 8.76701205966 1.62152321168
1.02733700322 16.2954628811 1.59545111086
1.02731539902 21.4129816194 1.57229176048
0.583345661029 24.3641844255 1.61845440688
0.518833253142 25.8442224927 1.07581092062
1.59464488775 25.926716447 0.0282927804967
6.59392255252 25.98057478 -0.0586760997182
9.13114287001 26.7855085899 0.0529138795011
8.57440239094 25.6958213999 1.48971780839
8.52534214866 26.8156236647 1.69256797845
9.09574772207 25.7079395278 3.11395899084
8.04375913516 25.6674076677 3.067129941
6.22924005185 26.2705365451 -3.06235053646
-4.80999102594 26.146887721 -3.11421178227
-15.7709451617 26.2277349444 -3.05888472483
-16.9505647502 25.8347053808 -3.00069198191
-18.2192536143 25.3701549899 2.96116015982
-18.65637414 26.7562337819 1.58865649245
-18.7070304184 28.0778903523 1.61958519578
-18.624345916 33.7460886634 1.56219568785
-18.5798661936 34.8005853891 1.52482730453
-18.6398766181 35.6735479223 2.88285709525
-20.3261324098 35.1682054218 -3.03074247972
-21.3492061257 36.8516003886 2.13530754371
-21.4862324176 38.3298091314 1.52628892822
-21.289725909 49.7260970459 1.87906570884
-20.8758356248 49.9714522468 2.99028142161
-21.6809950332 49.9313447609 -2.90499030923
-21.5127406383 49.3625083875 -2.08297932979
-21.6046144644 48.3920470206 -1.54872753892
-21.4698458851 37.7100707829 -1.51514688476
-21.2736794588 36.2060316541 -1.53479047512
-21.2900314362 36.0461348515 -0.718111791035
-19.2780776394 34.1810628491 -0.680855523861
-18.9359561492 32.4186003327 -1.74857372448
-19.4096291906 31.3808800763 -1.73177882392
-19.2198998208 30.3826984846 -1.56282220986
-18.5516377292 27.1241406301 -1.51835584522
