7.18865760714 8.13254651844 1.55852421454
7.188657623 8.13254780013 1.55835475613
7.18865763037 8.1325483892 1.55828033577
7.18865763266 8.13254857256 1.55825949596
7.18865763564 8.13254880997 1.55822856109
7.79246883216 8.60436625677 0.291103685448
8.4837215749 9.62068975454 1.25759070549
8.72499115176 10.4588327517 1.2688580713
8.98063328392 11.7290010934 1.40358434516
9.20217447614 12.9619095369 1.20891367788
9.92189801781 13.3986718473 0.0639660286684
10.746012451 13.1887899022 -0.147034963298
11.5376374443 12.980471946 -0.227200989495
12.4507865972 12.7156690534 -0.325843303531
13.7321959758 11.9044291858 -1.07796404864
13.8935013274 10.6254171983 -1.52162093853
