0.168831197984 7.20082044499 0.0531717609129
0.69654677543 7.22315947812 0.0314538199443
1.89945432764 7.23642934284 -0.0102233143047
2.8080344323 7.23128870858 -0.0263529793475
4.53571548057 7.16767557583 -0.0742468962282
6.14110730818 7.25859040929 0.0714283802282
0.168831197984 7.20082044499 0.0531717609129
0.69654677543 7.22315947812 0.0314538199443
1.89945432764 7.23642934284 -0.0102233143047
2.8080344323 7.23128870858 -0.0263529793475
4.53571548057 7.16767557583 -0.0742468962282
6.14110730818 7.25859040929 0.0714283802282
0.168831197984 7.20082044499 0.0531717609129
0.69654677543 7.22315947812 0.0314538199443
1.89945432764 7.23642934284 -0.0102233143047
2.8080344323 7.23128870858 -0.0263529793475
4.53571548057 7.16767557583 -0.0742468962282
6.14110730818 7.25859040929 0.0714283802282
0.168831197984 7.20082044499 0.0531717609129
0.69654677543 7.22315947812 0.0314538199443
1.89945432764 7.23642934284 -0.0102233143047
2.8080344323 7.23128870858 -0.0263529793475
4.53571548057 7.16767557583 -0.0742468962282
6.14110730818 7.25859040929 0.0714283802282